16000
24507
114258
198668
196448
99756
64025
163016
94484
101125
170428
39388
178195
180299
49398
52268
145381
198812
58731
94420
121784
139809
94831
1245
173755
93911
90765
155092
133032
182848
83425
146432
123708
197683
145100
120156
13792
125477
199525
108276
142954
169953
64016
121150
150252
113414
89770
11985
28579
64854
106405
150363
4663
1236
170428
39388
178195
180299
49398
52268
145381
198812
58731
94420
121784
139809
94831
1245
173755
93911
90765
155092
133032
182848
83425
146432
123708
197683
145100
120156
13792
125477
199525
108276
151609
94770
11499
158726
166214
144532
141575
49639
7316
65283
163674
68768
185439
177466
194245
184964
2094
137199
170428
39388
178195
180299
49398
52268
145381
198812
58731
94420
121784
139809
94831
1245
173755
93911
90765
155092
133032
182848
83425
146432
123708
197683
145100
120156
13792
125477
199525
108276
71270
66111
174701
137874
95877
180824
66212
124456
45678
172617
197683
145100
120156
13792
125477
199525
108276
71270
66111
174701
137874
95877
180824
66212
124456
45678
172617
191172
166693
90206
59133
177815
101705
17859
144029
162589
159434
110020
169905
141069
73694
38673
42861
51161
149270
144177
169607
2822
131799
35718
93875
186026
47948
74699
52238
172404
36729
141207
79928
3422
31413
139061
97589
49471
156921
41618
12060
32707
67990
98318
90129
141685
53343
132990
109198
2614
193519
78805
5436
125319
30876
15663
27697
78824
90363
79935
167580
43444
21142
47509
46867
168908
102922
144456
18379
59843
102427
146791
8903
170417
161461
99032
28454
14805
32022
137652
17419
141893
132810
139207
183564
80038
154870
11261
158862
161585
7548
42794
5030
145043
6655
168249
113951
109578
29057
48682
85773
47836
111825
94676
18254
73287
193708
163060
88092
142082
100713
21863
328
149875
161070
183892
29913
32292
195154
105127
110230
2702
147921
31612
147745
70929
199861
178048
96859
28918
143082
182632
193107
54908
193661
11361
128195
103721
90773
16287
162156
191486
154502
162484
141361
31924
146376
87626
64216
141530
192753
90798
60585
140675
122410
124682
127956
122271
102731
24815
67542
45813
123799
60649
17073
33812
188362
145268
137534
79135
77907
16042
186974
32409
178526
44687
64333
41254
132314
44902
99137
125067
135700
159722
182094
174463
756
26402
96734
103487
51217
80628
65653
91369
57629
82726
125181
162343
144347
62715
157831
22254
78757
144805
171016
173635
105844
35349
14890
154510
196603
114027
195930
48656
190101
94376
23119
190857
120779
36205
10697
171996
116834
192702
179717
90815
191780
104899
53159
136127
83966
10990
74734
79076
72147
45750
52711
94343
197451
183953
48854
110407
14332
44784
159063
4433
139160
182182
111643
176291
134739
122340
148288
51573
31394
128005
58741
23174
149256
111900
75654
33223
39242
150388
112299
27741
112490
81362
122084
26293
65316
87290
136700
79648
48426
12115
434
103939
194297
112077
80230
129037
150769
144870
96962
182163
189228
72055
121689
138484
100307
197343
171707
55901
64083
358
83642
92925
81721
122079
35571
63389
125721
172271
143037
174148
184387
59823
194439
95036
88252
74669
140425
39021
135892
153740
137536
125120
25795
175578
179956
42455
172921
151664
98356
153357
68374
181999
162634
150095
20430
198205
129836
146151
170477
189226
36651
71216
49049
31090
82604
137302
22112
139382
92675
158004
93122
30212
83124
35269
5790
179432
77724
95063
131096
92433
164772
115823
74432
127407
182270
11214
125612
112107
157365
12441
101333
194017
9
150382
141459
82614
4036
163571
21996
96712
37927
31470
126924
37403
183091
49066
16836
177168
60481
64284
69601
25254
180107
60385
152661
162378
71599
194625
74485
28964
7067
175818
139333
7076
42552
197145
6042
46589
77068
144390
143301
114996
175860
186577
152399
75304
35643
169235
52472
12476
33520
122073
37730
13627
182458
106743
92357
170409
101369
166842
115725
24788
59012
171411
148216
101565
168556
70611
148154
45624
15001
91455
160620
107214
78032
29372
182518
30027
198607
34990
42503
148479
73415
196586
78459
172225
103329
170816
142634
4698
54011
58359
145838
113023
29770
94055
14588
114678
164666
79094
160303
96019
170549
37275
3233
164933
66647
185751
111312
181607
137093
70168
130086
126860
66754
124897
99085
170083
95714
158071
91134
66077
132783
153324
179100
162553
163731
110041
77232
128397
189135
153887
140769
76037
191162
144002
157322
174162
46106
184987
155769
99551
55155
2207
26412
121909
127105
41849
8344
139171
199921
99478
5248
132704
52803
100700
11609
16534
10741
5193
61284
116229
159080
118405
108618
66595
62407
182292
157109
24865
167279
29230
124417
22434
31437
150829
60695
74894
192678
69040
14065
108951
84870
19313
41655
54025
36366
169617
186912
47107
174810
48196
79688
50243
166601
104658
33190
145360
86951
190299
170226
170582
19529
94643
193017
167318
161824
53712
42213
154502
39104
172630
179806
123975
108296
21461
178000
144662
107430
164912
108121
82241
129460
104162
48836
12413
8820
82026
74126
12123
188677
44352
182706
124558
55347
92075
91876
17171
62139
50441
88025
101244
23072
67831
141571
47720
5645
119571
192382
113075
836
100503
111668
46648
4665
76856
59062
129838
158882
133188
141961
63911
93892
124667
104821
149239
16742
113050
166410
78882
163491
170787
96478
102915
38619
38049
150635
44264
157620
59369
157339
74808
76225
185360
121457
80890
62216
180519
127080
137451
30059
69042
1362
123951
110061
22536
73190
43156
135586
155952
38390
99077
126739
134868
118345
81710
172917
185332
125974
46889
44702
199666
38050
120927
185026
159507
118169
47242
56378
161602
101045
86437
146996
102408
126740
57057
41296
116282
16565
176882
188586
54955
192311
31677
106175
110656
113388
195444
12341
39362
42334
57043
39028
80384
94322
140406
156243
128843
104001
128973
90445
5046
131762
153793
23806
58502
10851
65102
91136
143768
41984
79722
198724
34296
111399
104899
61304
24787
16696
73645
180502
59030
47040
135882
55766
141362
76289
128361
186558
180290
57334
193355
101688
189096
147149
125495
163950
74352
190597
55086
18120
148934
134808
133196
183230
162559
154448
44534
103699
171144
34532
84201
146526
81572
20083
2292
139287
12724
47005
125845
193014
104339
35552
94703
9787
182701
136550
173737
173405
127147
145175
191526
76081
196335
124722
175663
158894
79170
136550
62593
50314
171082
63146
196840
52654
83230
115484
191941
12306
162489
34138
5321
183180
69691
16376
109319
52392
152926
83056
25798
196425
28231
133676
188859
140918
174750
164522
99813
53921
17424
78758
20587
188506
58257
133780
41161
57839
165616
149454
70145
44458
183593
191818
143990
53284
8194
